train_acc:[72.12, 70.74, 70.28, 69.23, 68.5, 68.86, 69.14, 68.5, 68.36, 69.05, 69.37, 68.68, 68.45, 68.5, 68.59, 68.18]
test_acc:[39.25, 41.01, 41.01, 40.79, 42.76, 40.57, 40.35, 40.79, 41.23, 40.57, 40.35, 41.67, 41.45, 41.01, 41.45, 40.79]
train_acc:[68.27, 68.18, 68.82, 68.09, 68.09, 68.59, 68.91, 68.41]
test_acc:[42.76, 42.11, 40.57, 41.45, 41.45, 40.79, 41.23, 41.45]
train_acc:[68.09]
test_acc:[42.76]
train_acc:[68.04]
test_acc:[42.76]
train_acc:[39.15]
test_acc:[30.7]
train_acc:[47.71]
test_acc:[39.04]
train_acc:[69.87]
test_acc:[45.61]
train_acc:[73.86]
test_acc:[39.47]
train_acc:[74.5, 73.49, 70.24, 71.47, 69.55, 71.15, 71.29]
test_acc:[40.35, 37.72, 40.35, 39.04, 38.38, 37.5, 38.6]
train_acc:[72.12, 70.74, 70.28, 69.23, 68.5, 68.86, 69.14]
test_acc:[39.25, 41.01, 41.01, 40.79, 42.76, 40.57, 40.35]
train_acc:[68.27]
test_acc:[42.76]
train_acc:[53.81, 50.16, 56.69, 51.24, 47.66, 50.92, 50.04, 50.66, 45.91, 54.51, 52.74, 52.44, 54.29, 55.85, 49.54, 51.48]
test_acc:[28.5, 29.75, 30.23, 29.94, 29.37, 29.75, 28.69, 28.79, 27.16, 29.65, 29.85, 28.98, 29.37, 29.65, 30.9, 28.12]
train_acc:[81.63, 83.38, 81.38, 80.92, 80.69, 80.24, 79.63, 79.88, 79.43, 79.69, 79.78, 79.56, 61.08, 79.21, 79.08, 61.08]
test_acc:[80.38, 82.96, 80.78, 80.07, 80.02, 79.72, 79.16, 79.51, 79.21, 79.41, 79.61, 79.51, 60.65, 79.26, 78.9, 61.16]
train_acc:[63.15, 60.91, 60.32]
test_acc:[64.2, 61.0, 60.75]
train_acc:[63.15, 60.17, 59.7]
test_acc:[63.89, 60.5, 59.69]
train_acc:[63.15, 60.91, 60.32]
test_acc:[64.2, 61.0, 60.75]
train_acc:[63.15, 78.2, 77.16, 77.81, 69.62]
test_acc:[63.89, 78.25, 77.64, 77.38, 69.52]
train_acc:[81.69, 83.3, 82.45, 81.65, 81.26, 80.2, 80.37, 79.87, 79.74, 79.75, 63.71, 79.37, 62.18, 78.88, 78.6, 60.63]
test_acc:[80.78, 83.37, 82.25, 81.59, 81.24, 80.58, 80.58, 80.38, 80.22, 80.38, 66.23, 79.72, 61.97, 79.21, 78.75, 61.61]
train_acc:[62.27]
test_acc:[63.13]
train_acc:[62.27]
test_acc:[63.13]
train_acc:[33.15]
test_acc:[35.09]
train_acc:[34.07]
test_acc:[36.84]
train_acc:[35.35, 56.14, 64.1, 56.5]
test_acc:[34.21, 34.21, 43.86, 43.86]
train_acc:[53.57, 70.88]
test_acc:[40.35, 39.47]
train_acc:[71.89, 69.78, 69.96, 68.59, 70.15, 69.96, 68.86, 68.96, 68.04, 68.04, 67.77, 69.23, 68.41, 69.51, 68.96, 68.96]
test_acc:[38.6, 42.11, 41.23, 40.79, 40.35, 39.91, 40.79, 39.91, 39.47, 42.11, 41.67, 38.16, 40.79, 40.35, 40.79, 40.79]
train_acc:[72.12, 70.74, 70.28, 69.23, 68.5, 68.86, 69.14, 68.5, 68.36, 69.05, 69.37, 68.68, 68.45, 68.5, 68.59, 68.18]
test_acc:[39.25, 41.01, 41.01, 40.79, 42.76, 40.57, 40.35, 40.79, 41.23, 40.57, 40.35, 41.67, 41.45, 41.01, 41.45, 40.79]
train_acc:[77.56, 68.59, 71.29, 72.21, 70.51, 66.67, 69.64, 67.72, 68.96, 65.48, 67.08, 70.1, 69.64, 69.46, 70.47, 70.74]
test_acc:[47.59, 44.08, 46.71, 47.37, 44.52, 41.67, 45.39, 45.39, 43.42, 43.42, 45.18, 44.52, 44.3, 44.96, 44.3, 45.83]
train_acc:[62.23]
test_acc:[62.68]
train_acc:[93.31]
test_acc:[92.82]
train_acc:[62.23, 60.02, 78.52, 61.08, 69.33, 72.17, 76.64]
test_acc:[62.68, 60.22, 78.58, 61.16, 69.24, 73.5, 76.34]
train_acc:[70.08, 76.99, 57.93, 70.0]
test_acc:[70.79, 76.75, 57.66, 69.02]
train_acc:[82.33, 81.69, 80.89, 80.55]
test_acc:[80.68, 80.38, 80.05, 79.87]
train_acc:[82.33, 81.69, 80.89, 80.55, 79.1, 78.97, 78.85, 78.97, 74.67, 78.47, 78.38, 78.48, 77.38, 78.39, 74.19, 74.84]
test_acc:[80.68, 80.38, 80.05, 79.87, 78.25, 78.25, 78.12, 78.17, 73.02, 77.59, 77.84, 77.97, 77.08, 77.84, 73.38, 73.94]
train_acc:[82.87, 81.72, 81.83, 81.52, 79.11, 79.02, 78.99, 79.21, 78.84, 78.48, 78.61, 78.54, 77.96, 78.4, 78.0, 77.1]
test_acc:[81.39, 80.43, 81.14, 80.93, 78.3, 78.4, 78.19, 78.35, 78.04, 77.59, 78.09, 78.04, 77.48, 77.84, 77.33, 76.77]
train_acc:[81.63, 83.13, 81.16, 80.85, 80.48, 80.01, 79.69, 79.55, 79.44, 65.03, 63.4, 64.49, 64.78, 63.54, 79.07, 78.8]
test_acc:[80.38, 82.71, 80.48, 79.97, 79.92, 79.56, 79.06, 79.01, 79.21, 65.97, 62.73, 65.52, 64.66, 63.74, 78.96, 78.85]
train_acc:[63.26, 61.79]
test_acc:[64.15, 61.82]
train_acc:[78.14, 77.06]
test_acc:[77.48, 76.83]
train_acc:[78.14, 77.06]
test_acc:[77.48, 76.83]
train_acc:[63.26, 61.79]
test_acc:[64.15, 61.82]
train_acc:[63.26, 61.79]
test_acc:[64.15, 61.82]
train_acc:[83.54, 82.76, 81.81, 80.86, 80.21, 80.01, 79.85, 79.3, 79.37, 65.02, 63.19, 64.28, 64.29, 63.95, 78.71, 78.7]
test_acc:[82.35, 82.71, 80.93, 80.32, 79.67, 79.92, 79.82, 78.8, 79.06, 65.16, 62.63, 65.37, 64.55, 64.55, 78.96, 78.85]
train_acc:[62.28, 62.41]
test_acc:[62.73, 62.63]
train_acc:[79.5, 62.72, 79.63, 64.6]
test_acc:[79.16, 62.88, 79.61, 63.95]
train_acc:[78.14, 77.06]
test_acc:[77.48, 76.83]
train_acc:[82.65, 93.22, 93.86, 92.55, 93.31, 94.11, 93.6, 92.21, 91.4, 91.2, 91.04, 91.08, 90.93, 92.31, 92.0, 90.43]
test_acc:[81.34, 87.47, 87.27, 87.07, 87.98, 88.13, 88.69, 88.49, 87.63, 87.63, 88.03, 87.47, 86.11, 87.12, 87.53, 88.08]
